4183
4451
4565
4884
5748
5853
6297
6798
6917
7681
8095
11662
11907
11919
12719
12843
14261
14271
14671
15209
15336
15728
16386
17692
17807
20610
21270
21784
24309
24315
26148
27247
27605
28383
28855
29856
30114
30496
31127
32137
34886
36892
38068
38473
38858
39250
39764
41107
41362
42247
42256
44214
44477
46387
47695
47705
49132
49263
49770
51313
51645
52022
53167
54193
55390
57070
57562
58452
58591
63397
64405
66161
67901
67914
68800
68802
69139
71870
72394
72505
73316
74085
74989
75098
76323
77667
80280
80406
82147
82393
85206
89221
89982
90992
94117
94514
94939
97063
100287
100319
100321
