37
67
129
132
264
439
447
649
759
777
938
1074
1195
1196
1304
1356
1375
1509
1683
1964
2025
2155
2180
2221
2226
2247
2276
2424
2428
2464
2728
2917
2919
3106
3113
3301
3317
3387
3396
3525
3660
3798
3842
3847
4091
4391
4800
4957
5289
5512
5526
5604
5926
6130
6194
6282
6334
6338
6410
6414
6752
6787
6846
7185
7355
7466
7497
7575
7829
8035
8127
8139
8246
8408
8416
8478
8568
8613
8844
8851
8884
8942
9110
9245
9403
9523
9638
9727
9824
10045
10386
10792
10892
11051
11062
11254
11373
11388
11405
11413
11437
11518
11599
11781
11784
11811
12019
12123
12142
12242
12361
12545
12555
12775
12819
13241
13253
13315
13375
13414
13517
13868
13972
13983
14092
14213
14320
14338
14450
14497
14644
14711
14834
14877
15078
15136
15220
15297
15360
15527
15675
15817
15853
15910
15951
16293
16361
16387
16489
16538
16611
16630
16705
16951
16952
17085
17262
17284
17384
17735
17761
17804
17810
17818
18119
18181
18185
18265
18311
18386
18415
18416
18489
18500
18782
18787
18809
18817
18935
19278
19449
19452
19597
19740
19776
19827
19839
19962
20045
20134
20142
20359
20442
20722
20778
20926
20932
20945
21037
21161
21336
21454
21567
21623
21694
21819
22033
22060
22228
22296
22353
23428
23537
23575
23609
23941
23968
24016
24065
24381
24499
24590
24633
24946
24980
25113
25150
25323
25406
25422
25512
25560
25716
25788
25808
25949
26098
26220
26287
26368
26472
26515
26547
26679
26926
27010
27049
27114
27459
27487
27576
27699
27912
27936
28145
28220
28361
28401
28423
28741
28864
28929
29009
29092
29094
29217
29229
29248
29277
29456
29631
30039
30056
30118
30222
30370
30393
30460
30468
30753
30852
30857
30973
31019
31044
31262
31305
31349
31621
31827
31896
32053
32124
32132
32137
32316
32387
32441
32552
32743
32775
33297
33409
33451
33634
33696
33810
33828
33915
33951
33952
34071
34075
34083
34113
34179
34259
34407
34515
34596
34802
35015
35216
35423
35696
35860
35986
36059
36755
36781
36842
37018
37155
37378
37652
37858
37913
37933
37960
38095
38143
38353
38486
38503
38673
38674
38742
38875
38995
39014
39047
39156
39249
39300
39329
39372
39461
39469
39571
39792
40004
40057
40405
40476
40520
40647
40799
40812
40887
40941
41155
41317
41322
41390
41573
41627
41660
41768
41923
42038
42041
42051
42288
42335
42363
42632
42713
43112
43131
43212
43283
43420
43639
43708
43733
43779
43792
44031
44387
44466
44643
44815
44897
45009
45035
45053
45161
45269
45293
45418
45548
45655
45665
45706
45938
45947
46245
46493
46667
46682
46877
46994
47013
47079
47084
47100
47176
47262
47620
47821
48169
48189
48228
48230
48286
48328
48341
48432
48490
48507
48661
49207
49308
49396
49410
49436
49535
49604
49624
49689
50010
50359
50507
50650
50701
50739
50830
51131
51298
51371
51565
51567
51594
51627
51739
52064
52093
52221
52332
52662
52926
52973
53064
53198
53566
53573
53588
53681
53703
53753
53783
53969
53994
54108
54185
54250
54297
54527
54561
54576
54625
54658
54663
54711
54760
54976
55127
55218
55352
55376
55490
55499
55550
55608
55615
55632
55685
55768
55850
55868
55947
55985
56073
56252
56343
56363
56425
56619
56620
56648
56776
56813
56814
56954
57153
57160
57177
57237
57477
57716
57768
57779
57998
58141
58225
58255
58308
58377
58940
59083
59347
59396
59501
59622
59624
59926
60068
60240
60254
60339
60419
60436
60450
60517
60521
60524
60700
60725
60766
60783
60912
60928
61002
61531
61712
61803
61864
62367
62630
62651
62787
62804
62930
62966
63089
63121
63242
63250
63310
63330
63350
63468
63558
63562
63852
64019
64260
64436
64442
64820
64877
64917
65047
65048
65063
65074
65095
65098
65150
65175
65259
65613
65636
65706
65886
65894
65990
65997
66034
66060
66237
66854
66888
67164
67182
67263
67514
67684
67810
67939
68090
68137
68216
68234
68255
68311
68330
68482
68980
69044
69069
69177
69375
69565
69607
69689
70086
70105
70316
70343
70494
70552
70868
70990
70997
71011
71051
71178
71325
71351
71439
71786
71798
71834
71950
71967
71983
72039
72050
72120
72169
72195
72216
72247
72258
72389
72495
72569
72708
72829
72883
73099
73139
73198
73246
73355
73404
73431
73966
74020
74073
74309
74330
74524
75020
75188
75719
75737
75744
75749
75899
76214
76263
76279
76449
76527
76619
76749
76862
77017
77294
77394
77452
77575
77693
77709
77718
77805
77895
77952
78169
78403
78468
78543
78605
78990
79019
79060
79099
79142
79151
79446
79492
79612
79667
79699
79728
79818
79850
79921
79943
79954
80100
80124
80234
80472
80481
80601
80609
80710
80717
80754
80948
81015
81055
81134
81190
81253
81256
81389
81726
81788
81843
81898
82501
82523
82530
82628
82904
82926
83005
83020
83229
83230
83271
83318
83447
83559
83756
83770
83785
83856
83924
83933
84022
84109
84146
84191
84313
84319
84395
84592
84669
84977
85170
85278
85367
85442
85548
85786
85869
85944
86001
86254
86787
86998
87207
87493
87546
87585
87694
87702
87861
87980
88017
88057
88105
88138
88212
88247
88272
88509
88629
88764
88808
88914
88917
88994
89147
89170
89231
89282
89557
89597
89631
89654
89704
89879
89912
90190
90295
90432
90438
90469
90695
90880
90920
91066
91085
91223
91285
91314
91573
91813
91829
91858
91909
91984
92005
92183
92208
92281
92415
92451
92541
92730
92739
92874
92969
93134
93213
93479
93539
93695
93719
93771
93818
93979
94027
94271
94285
94365
94373
94427
94434
94514
94578
94754
94903
94973
95041
95292
95319
95411
95474
95490
96037
96082
96093
96227
96461
96732
96741
96761
96832
96835
96948
97058
97102
97163
97210
97231
97249
97335
97407
97414
97437
97758
97830
97903
98020
98223
98225
98247
98381
98626
98795
98877
98895
98910
98934
98936
99049
99247
99436
99474
99794
100068
100116
100133
100157
100210
100220
100276
100304
100398
100492
100613
100678
100726
100852
100920
101074
101083
101112
101162
101282
101426
101515
101615
101753
101935
102139
102194
102268
102452
102777
102900
103204
103247
103504
103786
104121
104200
104212
104414
104721
104781
104789
104843
104914
105012
105068
105105
105118
105404
105670
105678
105736
105824
105837
105877
106085
106168
106323
106369
106474
106511
106723
106928
107361
107452
107675
107714
107781
107936
108310
108326
108532
108537
108727
108745
108785
109179
109197
109386
109742
109859
109930
109943
110020
110034
110041
110237
110402
110514
110575
110979
110982
111347
111539
111626
111821
111823
111849
111942
111996
112049
112332
112439
112471
112818
112899
113050
113089
113274
113315
113323
113378
113501
113550
113632
113740
113999
114081
114083
114171
114193
114221
114244
114315
115080
115117
115239
115292
115329
115402
115437
115463
115708
115773
115859
115890
116102
116419
116451
116585
116626
116854
116965
117058
117090
117157
117173
117174
117231
117340
117532
117686
117719
117889
117981
117982
118032
118164
118191
118332
118461
118566
118590
118596
118983
119009
119109
119170
119284
119498
119522
119581
119735
120091
120151
120171
120478
120559
120565
120649
120667
120684
120718
120786
120984
120997
121129
121181
121288
121458
121591
121654
121865
121943
121986
122187
122250
122256
122438
122501
122737
122943
122964
123051
123406
123411
123565
123700
123888
124076
124126
124131
124217
124238
124287
124410
124738
124758
124825
124910
125160
125169
125210
125316
125496
125760
126117
126163
126240
126382
126435
126441
126951
126966
126985
127346
127358
127552
127554
127871
127914
128048
128160
128162
128270
128275
128457
128481
128661
128916
129009
129288
129323
129390
129489
129574
129749
130181
130536
130582
130629
130652
130670
130793
131094
131149
131367
131648
131759
131774
131776
131916
131927
131959
132039
132122
132264
132356
132629
132651
132769
132856
132912
133030
133196
133229
133255
133335
133376
133446
133681
133735
133898
133903
134045
134062
134423
134445
134796
134802
134890
134892
135006
135325
135386
135507
135542
135616
135763
135893
136018
136152
136174
136346
136467
136507
136724
136967
136987
137055
137078
137195
137380
137514
137587
137943
138291
138526
138694
138700
138790
138809
138816
138832
139187
139507
139739
139772
139826
139917
140186
140268
140326
140384
140439
140510
140873
140941
141048
141152
141239
141264
141681
141691
141760
141770
141874
141969
142073
142098
142342
142472
142510
143044
143144
143293
143309
143348
143351
143380
143435
143461
143835
143889
144208
144213
144359
144424
144551
144568
144831
145082
145213
145290
145343
145475
145575
145652
145662
145753
145769
146165
146182
146200
146235
146302
146673
146866
146916
147123
147422
147500
147653
147726
147784
147824
148052
148090
148195
148213
148274
148337
148411
148433
148446
148482
148543
148653
148698
148733
148823
148905
148926
149069
149133
149415
149682
149716
149814
149851
149955
150011
150032
150523
150667
150751
150893
150901
150971
150994
151103
151250
151353
151362
151577
151593
151632
151640
151685
151772
151914
152065
152163
152223
152380
152415
152491
152611
152814
152875
153005
153126
153153
153185
153504
153526
153631
153703
153896
153912
154231
154310
154480
154515
154786
154889
154912
155151
155521
155578
155744
156029
156060
156078
156128
156160
156170
156271
156387
156437
156490
156598
156696
156809
156898
157001
157052
157216
157281
157351
158058
158071
158079
158222
158300
158320
158562
158573
158609
158629
158755
158774
158812
158976
158985
158987
158989
159122
159368
159430
159441
159664
159769
159982
160085
160188
160221
160230
160231
160483
160788
160825
160981
161063
161089
161148
161195
161326
161440
161503
161732
161805
161859
161884
161888
162085
162208
162245
162412
162489
162719
162800
162814
162913
162985
163725
164003
164043
164287
164616
164757
164768
164773
165004
165148
165160
165224
165595
165613
165730
165771
165785
165931
166034
166322
166396
166411
166479
166486
166716
166799
167069
167257
167460
167562
167636
167679
168105
168118
168148
168511
168559
168589
168591
169060
169087
169886
170459
170552
170843
170907
171175
171262
171419
171423
171439
171451
171547
171554
171675
171780
171809
171847
172044
172068
172141
172190
172455
172475
172524
172673
172728
172785
172821
172864
172880
172998
173059
173309
173555
173621
173672
173677
173975
174021
174139
174218
174480
174529
174708
174757
174970
175000
175040
175266
175279
175493
175550
175718
175758
175762
176050
176051
176089
176325
176360
176397
176452
176869
177042
177167
177322
177425
177776
177890
178019
178067
178085
178354
178379
178387
178414
178449
178490
178779
178817
178822
179330
179337
179598
180173
180186
180212
180497
180518
180522
180779
180827
180832
180870
180880
180981
181078
181348
181369
181514
181647
181816
181984
182042
182187
182204
182270
182447
182455
182665
182807
182864
182883
182915
183060
183168
183236
183340
183348
183633
183647
183694
183910
184098
184404
184429
184487
184770
184818
185081
185119
185319
185424
185477
185623
185698
185740
185750
186016
186088
186128
186533
186682
186988
187314
187365
187410
187615
187657
187679
187949
187998
188003
188110
188134
188252
188317
188443
188550
188573
188594
188737
188795
188818
188872
189334
189343
189521
189529
189601
189648
189727
189916
190092
190167
190173
190218
190448
190590
190620
190780
190837
191376
191731
191813
191989
192286
192298
192326
192590
192868
192885
192903
192974
192980
193075
193162
193200
193304
193351
193661
193672
193686
193734
193879
193951
194038
194068
194098
194446
194738
194821
194841
194854
194886
194978
195036
195131
195172
195210
195229
195304
195531
195636
195728
195784
195807
195827
195843
196022
196039
196324
196617
196698
196721
196796
196846
196922
197216
197306
197546
197753
197795
197917
198228
198352
198520
198640
198644
198662
198738
198810
198831
198934
199039
199099
199161
199192
199220
199572
199606
199647
199697
199760
199845
200212
200330
200377
200434
200560
200573
200593
200697
200733
200882
200931
200951
201122
201147
201225
201396
201542
201554
201689
201895
202025
202167
202255
202352
202604
202822
203153
203210
203217
203372
203430
203514
203567
203682
203717
203728
203945
204149
204178
204482
204928
204983
205129
205284
205293
205323
205371
205374
205635
205637
205679
205680
206101
206234
206247
206719
206752
206763
206802
207011
207089
207118
207132
207162
207192
207201
207273
207851
207880
208127
208392
208503
208514
209040
209282
209367
209535
209605
209633
209649
209668
209688
209695
209736
209855
209867
209884
209914
209940
210083
210276
210278
210417
210472
210565
210648
211308
211497
211602
211626
211961
212003
212061
212093
212240
212259
212277
212332
212338
212689
212695
212764
213070
213181
213214
213223
213230
213599
213705
213726
213757
213788
213831
213881
213937
214025
214034
214070
214116
214400
214421
214555
214633
214686
214783
214798
215132
215173
215224
215435
215546
215583
215626
215681
215724
216026
216041
216180
216313
216425
216509
216564
216597
216670
216773
216806
216882
216886
217237
217704
217728
217802
217835
217888
217891
218126
218143
218171
218198
218412
218500
218548
218614
218695
218806
218836
219135
219159
219360
219402
219500
219618
219871
220029
220090
220325
220353
220466
220647
220648
220727
220917
220948
221042
221106
221161
221205
221269
221320
221383
221479
221524
221686
221991
222194
222404
222508
222598
222702
222743
222893
222989
223230
223307
223393
223474
223575
223632
223696
223748
223752
223921
224066
224284
224349
224370
224403
224482
224583
225156
225182
225289
225303
225380
225416
225474
225622
225674
225687
225691
225846
226095
226132
226207
226363
226473
226696
226705
226723
226757
226771
226774
226851
226894
227081
227272
227331
227371
227393
227509
227525
227543
227635
227658
227715
227895
228155
228321
228341
228646
228711
228853
228862
228903
228947
229061
229126
229149
229257
229357
229610
229619
229654
229891
230013
230158
230193
230324
230404
230645
230651
230676
230791
230913
231001
231289
231465
231501
231666
232281
232300
232393
232413
232485
232555
232763
232856
232903
232936
233098
233326
233653
233718
233793
233825
233831
233929
234295
234313
234338
234507
234580
234633
234660
234733
234737
235035
235188
235196
235340
235418
235461
235487
235546
235672
235762
235941
236349
236386
236407
236516
236647
236794
236812
236873
236958
237229
237243
237269
237351
237505
237624
237663
237719
237890
237896
237903
237994
238054
238290
238357
238524
238591
238814
239063
239105
239285
239332
239542
239625
239686
239757
239830
240040
240519
240663
240741
240789
240843
241190
241240
241552
241574
241779
241859
241866
242360
242458
242531
242567
242714
242991
243234
243321
243620
243635
243872
243946
243966
243970
244078
244087
244340
244366
244448
244543
244644
244901
245093
245204
245427
245551
245736
245784
245841
246031
246283
246374
246510
246530
246594
246604
246693
246763
246987
247003
247013
247348
247535
247538
247578
247682
247841
248009
248011
248286
248300
248317
248462
248636
248723
248730
248830
248918
249116
249192
249221
249266
249350
249377
249413
249415
249418
249494
249535
249560
249590
249594
249719
249764
249782
249822
249950
250047
250390
250519
250717
250793
250902
250956
251063
251124
251130
251291
251356
251393
251422
251439
251625
251688
251693
251699
251884
252153
252167
252453
252623
252686
252940
252988
253036
253619
253783
253803
253818
253836
253902
253920
253965
253975
254144
254326
254342
254382
254401
254507
254538
254542
254699
254845
254848
254931
254974
254991
255068
255072
255150
255301
255405
255416
255437
255490
255664
255816
255942
255950
256028
256115
256117
256139
256529
256782
256959
256969
257023
257135
257271
257318
257509
257577
257587
257697
257794
257836
257919
257954
258109
258138
258142
258481
259000
259024
259440
259695
259728
259736
259839
259875
260095
260131
260155
260411
260497
260611
260682
260809
260846
260878
261258
261842
261977
262059
262191
262274
262524
262660
262662
262778
262784
263046
263241
263268
263407
263441
263548
263585
263747
264045
264064
264130
264356
264390
264643
264735
264782
264799
264863
264865
264887
264946
264951
265149
265288
265304
265312
265322
265364
265595
265736
265888
265890
265893
265906
265988
266188
266271
266279
266431
266455
266491
266606
266693
266843
266849
266978
267186
267270
267442
267473
267535
267704
267716
267847
267866
268137
268146
268335
268370
268526
268538
268602
268614
268646
268846
268870
268905
268969
269058
269095
269121
269296
269481
269620
269886
270468
270584
270608
270656
270879
270957
271002
271007
271095
271137
271192
271284
271595
271621
271733
271889
271917
271926
271989
272065
272112
272222
272468
272569
272701
272802
272932
272994
273604
273608
273721
273732
273764
273805
274042
274096
274205
274357
274591
274891
275122
275346
275393
275435
275541
275542
275559
275581
275653
275781
275958
275966
276168
276235
276246
276377
276415
276443
276698
276999
277002
277132
277140
277261
277324
277631
277648
277710
277718
277786
277797
277837
277848
277996
278070
278132
278150
278247
278252
278341
278463
278496
278582
278968
279000
279016
279032
279070
279440
279492
279730
279762
279910
279956
280137
280194
280197
280437
280489
280736
281090
281105
281971
281993
282054
282185
282484
282629
282778
282931
282934
282940
283117
283150
283396
283645
283695
283710
283865
284579
284958
285009
285132
285179
285299
285333
285477
285487
285528
285557
285650
285669
285748
285929
285967
286046
286098
286204
286208
286252
286392
286414
286485
286510
286542
286610
286643
286736
287039
287196
287213
287321
287448
287610
287825
288094
288184
288185
288324
288548
288642
288697
289061
289142
289211
289230
289483
289680
289685
289880
289888
290286
290647
290689
290709
290831
291055
291121
291278
291344
291366
291397
291432
291513
291630
291720
291855
291856
292007
292010
292115
292179
292204
292332
292434
292454
292542
292620
292636
293179
293276
293280
293551
293566
293654
293908
293942
294014
294044
294050
294082
294219
294239
294283
294474
294535
294583
294825
294876
294927
295110
295392
295425
295462
295471
295493
295595
295625
295662
295768
295799
295925
296079
296111
296178
296252
296265
296415
296459
296480
296598
296652
296676
296741
296974
296987
297000
297018
297019
297067
297079
297141
297208
297502
297540
297565
297721
298153
298187
298317
298340
298362
298585
298694
298787
298793
298798
299225
299278
299299
299307
299378
299466
299574
299589
299830
299926
300172
300259
300350
300523
300571
300675
300739
300861
301327
301428
301595
301637
301659
301708
301784
302133
302204
302671
302970
303018
303027
303111
303116
303369
303414
303494
303671
303680
304168
304237
304403
304523
304571
304709
304765
304824
304830
304887
304909
304961
305069
305210
305346
305376
305460
305498
305573
305626
305974
306079
306269
306393
306520
306567
306605
306631
306748
306835
306863
306970
307035
307115
307123
307404
307614
307905
308111
308622
308635
308666
308844
308905
309002
309042
309104
309315
309418
309457
309473
309534
309869
309952
310137
310391
310464
310522
310679
310776
310925
311056
311161
311246
311320
311362
311442
311503
311629
311683
311854
311855
311879
312039
312104
312273
312304
312362
312528
312757
312784
312837
313038
313088
313103
313119
313260
313296
313785
313815
313885
314031
314087
314176
314575
314603
314689
314699
314949
314961
314983
315011
315186
315473
315605
315956
316015
316131
316232
316270
316323
316340
316577
316923
317078
317138
317198
317251
317359
317470
317512
317520
317592
317619
317620
317690
317823
317835
317853
318281
318296
318445
318632
318711
318720
318749
318751
318912
318923
318983
319145
319195
319247
319331
319459
319616
319643
319790
319842
320080
320444
320448
320486
320548
320574
320606
320623
320741
320870
320888
320960
320969
321072
321162
321220
321584
321620
321931
322010
322176
322235
322380
322387
322584
322606
322655
322877
323132
323184
323446
323511
323512
323590
323596
323637
323735
323845
324256
324473
324500
324659
324711
324741
324831
324987
325029
325073
325259
325266
325304
325666
325667
325689
325936
326026
326136
326137
326278
326326
326410
326417
326487
326494
326498
326544
326568
326607
326641
327052
327489
327538
327791
327820
328052
328140
328232
328255
328434
328484
328488
328511
328640
328753
328764
328903
329046
329266
329442
329784
329943
330080
330224
330297
330307
330310
330313
330407
330528
330619
330690
330744
330767
330880
330908
330936
331278
331346
331359
331439
331442
331508
331636
331850
332062
332276
332395
332587
332590
332619
332735
332953
333173
333202
333267
333338
333478
334070
334213
334297
334314
334601
334658
334688
334731
334759
334823
334833
335086
335438
335455
335683
335888
335950
336041
336117
336291
336304
336574
336615
336691
336695
336876
336964
337104
337498
337550
337551
337626
337651
337780
337825
337833
337903
337947
337962
338002
338071
338301
338807
339095
339138
339252
339713
339816
339913
340303
340338
340450
340901
340948
341033
341356
341415
341587
341744
342067
342287
342313
342389
342497
342519
342706
342755
342782
342967
342989
343205
343374
343389
343433
343450
343480
343562
343572
343714
343831
344020
344384
344490
344535
344623
344636
344699
344714
344806
344911
345025
345124
345212
345247
345364
345429
345501
345543
345572
345640
345768
345918
345927
345931
346156
346273
346422
346644
346652
346685
346876
347352
347439
347741
348152
348211
348259
348317
348413
348436
348440
348450
348568
348694
348699
348726
348733
348784
348827
348855
348961
348979
349226
349284
349475
349481
349536
349579
349674
350108
350153
350323
350448
350468
350538
350727
350757
351040
351154
351276
351456
352507
352750
352792
352891
353089
353125
353586
353700
353733
353810
353885
353912
353983
354054
354289
354315
354342
354433
354626
354667
354735
354836
355228
355263
355330
355746
355793
355874
355926
355956
356252
356509
356593
356839
356958
356979
357592
357760
357761
357898
357960
358024
358232
358354
358392
358525
358670
358897
359009
359124
359141
359482
359551
359588
359694
359777
359803
359809
360422
360580
360603
360740
360865
360867
360907
360930
360968
360998
361154
361261
361468
361548
361973
362057
362090
362178
362407
362434
362531
362870
362916
362940
362987
363020
363039
363089
363341
363352
363403
363437
363448
363523
363599
363680
363691
364158
364189
364242
364254
364271
364289
364327
364689
364713
364785
365003
365155
365226
365266
365311
365376
365642
365751
366005
366028
366559
366666
366681
366717
366726
366830
366974
366979
366983
367057
367111
367377
367486
367487
367494
367525
367562
367564
367602
367785
367831
367905
367934
368003
368102
368112
368337
368350
368485
368826
368833
368889
368914
368960
369192
369434
369482
369562
369600
369959
370057
370174
370421
370509
370534
370537
370539
370636
370691
370711
370715
370739
370760
370785
371091
371270
371457
371591
371659
371684
371791
371821
371873
371877
371906
371980
372173
372301
372409
372472
372794
372799
372819
372838
372840
372908
373124
373479
373582
373669
374088
374357
374473
374625
374689
374718
375044
375059
375212
375304
375592
375646
375650
375662
375738
376272
376423
376462
376624
376676
376736
376856
376899
377037
377114
377223
377225
377259
377316
377318
377747
377839
377904
378116
378444
378659
378698
378804
378856
378971
379161
379365
379372
379470
379702
379725
379750
380189
380243
380353
380639
380690
380743
380772
380875
381124
381161
381198
381316
381338
381421
381562
381563
381599
381608
381651
381732
381741
381927
381932
381934
381946
382048
382096
382105
382289
382387
382392
382434
382440
382472
382548
382648
383255
383461
383621
383725
383860
383906
384245
384344
384369
384783
384829
384879
385143
385149
385157
385191
385240
385275
385283
385297
385407
385427
385971
386012
386098
386102
386171
386177
386285
386602
386838
386967
387143
387222
387290
387340
387414
387545
387724
388110
388324
388363
388421
388489
388544
388742
388781
388875
389324
389401
389423
389432
389478
389519
389615
389630
389724
389871
389879
389952
389968
390158
390237
390364
390612
390770
390914
391059
391344
391513
391591
391602
391724
391805
391945
391969
392001
392089
392125
392361
392461
392494
392528
392984
393008
393132
393200
393207
393444
393450
393573
393631
393636
393682
393733
393806
393896
394011
394164
394215
394288
394291
394357
394552
394558
394591
394602
394646
394674
394697
394737
394773
394787
394804
394915
394994
395002
395143
395265
395332
395605
395660
395800
395841
395910
396045
396061
396532
396705
396815
396833
396884
396910
397030
397148
397280
397539
397582
397764
397806
397812
397864
398152
398442
398475
398528
398582
398629
398690
398759
398761
398880
398943
399300
399642
399643
399832
399865
399937
400114
400127
400185
400538
400557
400567
400726
400786
400876
401079
401463
401480
401588
401703
401738
401819
401961
401969
402032
402265
402270
402408
402412
402501
402569
402640
402695
402784
402797
402807
402874
403096
403111
403377
403453
403791
403830
403963
404079
404121
404170
404423
404524
404609
404669
404807
404825
404882
404918
405019
405065
405183
405237
405262
405377
405453
405494
405549
405818
406034
406070
406245
406569
406801
406868
406928
406941
406967
407053
407160
407279
407436
407487
407604
407772
407857
407870
407906
407941
408017
408147
408160
408278
408285
408343
408376
408455
408584
409093
409097
409129
409291
409393
409432
409441
409460
409614
409629
409756
409816
410002
410034
410074
410174
410230
410379
410395
410534
410692
410698
410723
410958
411007
411056
411111
411117
411297
411343
411352
411373
411474
411659
411673
411766
411847
411890
412027
412030
412117
412240
412370
412389
412496
412515
412539
412553
412596
412655
413037
413047
413120
413171
413218
413225
413264
413301
413558
413580
413962
413965
413975
413988
414005
414185
414225
414266
414299
414629
414668
414698
414858
414918
414950
415052
415253
415288
415328
415367
415405
415538
415580
415593
415635
415646
415677
415758
415904
416126
416211
416299
416453
416456
416534
416737
417109
417119
417184
417210
417235
417240
417299
417326
417526
417565
417581
417628
417672
417675
417826
418028
418032
418088
418100
418455
418467
418485
418716
418931
419243
419321
419428
419695
419831
419858
419916
420083
420098
420281
420302
420318
420617
420737
420970
421009
421055
421263
421368
421531
421534
421574
421611
421960
421971
421972
422072
422093
422386
422564
422930
422972
423237
423446
423528
423819
423925
424093
424226
424315
424338
424496
424527
424614
424719
424839
424846
424898
425154
425179
425201
425280
425340
425396
425642
425659
425674
425717
425765
426073
426119
426151
426152
426180
426313
426356
426362
426492
426595
426597
426697
426719
426735
426818
427051
427189
427457
427529
427543
427616
427648
427936
428105
428301
428528
428571
428718
428806
429025
429157
429167
429214
429224
429256
429325
429347
429435
429502
429521
429529
429552
429926
429975
430460
430489
430508
430535
430626
430752
430779
430788
431120
431189
431258
431298
431562
431591
431597
431607
431794
431844
431928
432037
432044
432111
432215
432595
432613
432639
432644
432683
432772
432911
432992
433039
433115
433161
433188
433305
433776
434052
434150
434199
434254
434289
434369
434388
434399
434571
434594
434687
434855
434867
435363
435452
435453
435627
435646
435747
435749
435784
435835
435871
436067
436091
436124
436155
436236
436387
436455
436511
436570
436821
436991
437250
437356
437394
437466
437529
437554
437565
437569
437734
437847
437928
437965
438034
438105
438302
438691
438782
438865
438901
439012
439280
439392
439554
439583
439604
439694
439732
439786
439975
440090
440176
440251
440284
440505
440555
440881
440944
440970
441218
441284
441431
441539
441765
441871
442074
442116
442493
442508
442557
442604
442719
442988
443153
443413
443465
443851
443924
444084
444164
444171
444248
444373
444473
444501
444646
444690
444738
444904
445069
445131
445142
445198
445215
445227
445275
445362
445382
445550
445555
445700
445714
445805
446034
446233
446304
446330
446461
446515
446584
446742
447012
447063
447065
447338
447419
447813
447995
448230
448302
448424
448499
448513
448547
448589
448760
448784
448845
448875
449150
449172
449463
449573
449620
449956
450048
450135
450345
450404
450490
450524
450818
450959
450964
451014
451344
451634
451795
451830
451850
452123
452473
452822
452852
452937
452978
452983
453049
453201
453251
453358
453467
453608
453732
453764
453967
453994
454019
454102
454132
454208
454229
454317
454408
454518
454613
454866
454978
455362
455498
455554
455650
455662
456027
456072
456414
456418
456530
456556
456617
456696
456796
456886
456917
456925
457109
457115
457424
457632
457807
457810
457888
457941
458034
458352
458410
458503
458588
458954
459272
459311
459463
459509
459512
459578
459712
459863
460440
460469
460478
460552
460626
460675
461020
461024
461037
461316
461568
461700
462017
462115
462117
462518
462573
462665
462769
463149
463202
463250
463363
463420
463575
463670
463676
463701
463816
463831
464134
464150
464232
464314
464458
464527
464568
464583
464623
464784
464798
464902
464946
464959
465016
465019
465065
465171
465440
465679
465704
465854
465873
466031
466148
466261
466328
466438
466553
466598
466920
467258
467268
467324
467369
467444
467766
467854
467904
468267
468278
468431
468506
468668
468970
468989
469067
469358
469379
469470
469534
469610
469715
469750
469828
469902
470010
470114
470198
470268
470343
470375
470456
470570
470933
470941
471083
471096
471409
471586
471851
471890
471941
471956
472086
472099
472145
472275
472332
472815
472834
473007
473277
473303
473415
473594
473860
474562
474634
474637
474760
474873
474922
475167
475224
475232
475238
475305
475402
475432
475469
475595
475685
475694
475821
475945
476143
476166
476174
476628
476755
476926
476931
476949
476971
477139
477211
477215
477251
477285
477306
